{
 "cells": [
  {
   "cell_type": "markdown",
   "id": "e2ea3d4b",
   "metadata": {},
   "source": [
    "# Protein Folding QUBO: Complete Analysis Suite\n",
    "\n",
    "This notebook combines three progressive protein folding examples, demonstrating the QUBO formulation from small tractable problems to larger, more realistic scenarios.\n",
    "\n",
    "## Overview\n",
    "\n",
    "1. **Part 1: 8-Residue Tractable Example** (2×4 lattice, 64 variables)\n",
    "   - Small enough to enumerate all Hamiltonian paths\n",
    "   - Verifies QUBO correctness against brute-force ground truth\n",
    "   - Demonstrates Simulated Annealing effectiveness\n",
    "\n",
    "2. **Part 2: 24-Residue Problem** (6×4 lattice, 576 variables)\n",
    "   - Intermediate scale\n",
    "   - Tests SA on more complex conformational space\n",
    "\n",
    "3. **Part 3: 32-Residue Problem** (8×4 lattice, 1,024 variables)\n",
    "   - Realistic problem size\n",
    "   - Ground truth from exhaustive DFS enumeration (77,968 paths)\n",
    "   - Optimal E_MJ = -14.25\n",
    "\n",
    "## Key Concepts\n",
    "\n",
    "### Binary Variable Encoding\n",
    "\n",
    "For an N-residue chain on an M-position lattice:\n",
    "- **Binary variable**: `b[i,n]` where:\n",
    "  - `i` = residue index (0 to N-1)\n",
    "  - `n` = lattice position index (0 to M-1)\n",
    "  - `b[i,n] = 1` if residue i is at position n, else 0\n",
    "\n",
    "- **Total variables**: N × M\n",
    "\n",
    "### Enumeration Strategy: Hamiltonian Paths\n",
    "\n",
    "A valid protein conformation is a **Hamiltonian path** on the lattice graph:\n",
    "- Visits each lattice position **exactly once**\n",
    "- Consecutive residues occupy **adjacent positions** (connected by an edge)\n",
    "- This naturally encodes:\n",
    "  - Chain connectivity (residues i and i+1 must be neighbors)\n",
    "  - No overlaps (each position used once)\n",
    "  - One residue per position\n",
    "\n",
    "**Enumeration approach**:\n",
    "1. Build adjacency matrix of the lattice\n",
    "2. Use depth-first search (DFS) to find all Hamiltonian paths\n",
    "3. For each path, compute E_MJ using the Miyazawa-Jernigan matrix\n",
    "4. Find minimum energy (ground truth)\n",
    "\n",
    "### Energy Function\n",
    "\n",
    "**E_total = E_MJ + λ₁·E₁ + λ₂·E₂ + λ₃·E₃**\n",
    "\n",
    "Where:\n",
    "- **E_MJ**: Miyazawa-Jernigan interaction energy (biophysical term)\n",
    "- **E₁**: One residue per position constraint\n",
    "- **E₂**: No two residues at same position constraint\n",
    "- **E₃**: Chain connectivity constraint\n",
    "\n",
    "### The MJ Matrix vs. Augmented Matrix Approach\n",
    "\n",
    "#### Original Approach (Augmented Matrix)\n",
    "\n",
    "Some formulations create an **augmented interaction matrix** that combines:\n",
    "1. The MJ potential for non-consecutive residues (|i-j| > 1)\n",
    "2. A large penalty (e.g., +10000) for consecutive residues (|i-j| = 1)\n",
    "\n",
    "This makes the energy function:\n",
    "```\n",
    "E_MJ = Σ Σ C_aug[i,j] * Σ A[m,n] * b[i,m] * b[j,n]\n",
    "```\n",
    "\n",
    "Where `C_aug[i,j]` includes the penalty to prevent consecutive residues from being non-adjacent.\n",
    "\n",
    "**Problem**: This mixes biophysical and constraint terms, making it harder to:\n",
    "- Tune the balance between energy and constraints\n",
    "- Understand which term is causing violations\n",
    "- Compare with theoretical predictions\n",
    "\n",
    "#### This Implementation (Pure MJ Matrix)\n",
    "\n",
    "We use the **pure Miyazawa-Jernigan matrix** (20×20, negative = favorable) and handle connectivity separately:\n",
    "\n",
    "```python\n",
    "# E_MJ: Only for non-consecutive residues\n",
    "for i in range(N):\n",
    "    for j in range(i + 2, N):  # Skip j = i+1 (consecutive)\n",
    "        C_ij = MJ_MATRIX[AA_TO_IDX[sequence[i]], AA_TO_IDX[sequence[j]]]\n",
    "        for m in range(M):\n",
    "            for n in range(M):\n",
    "                if adj[m, n] == 1:  # m and n are neighbors\n",
    "                    quadratic[(bit_idx(i,m), bit_idx(j,n))] += C_ij\n",
    "\n",
    "# E₃: Connectivity constraint (separate term)\n",
    "for i in range(N - 1):\n",
    "    for m in range(M):\n",
    "        for n in range(M):\n",
    "            if adj[m, n] == 0:  # m and n are NOT neighbors\n",
    "                quadratic[(bit_idx(i,m), bit_idx(i+1,n))] += lambda3\n",
    "```\n",
    "\n",
    "**Advantages**:\n",
    "1. **Clean separation**: Biophysical energy (E_MJ) vs. constraints (E₁, E₂, E₃)\n",
    "2. **Tunable**: Can adjust λ₁, λ₂, λ₃ independently\n",
    "3. **Interpretable**: Can see exactly which constraint is violated\n",
    "4. **Matches theory**: MJ matrix used as published\n",
    "\n",
    "**Key insight**: The constraint E₃ accomplishes the same goal as the augmented matrix penalty (preventing non-adjacent consecutive residues) but keeps it as an explicit, tunable constraint rather than baking it into the interaction matrix.\n",
    "\n",
    "---\n"
   ]
  },
  {
   "cell_type": "markdown",
   "id": "527164ca",
   "metadata": {},
   "source": [
    "---\n",
    "---\n",
    "\n",
    "# PART 1: 8-Residue Tractable Example\n",
    "\n",
    "---\n",
    "---\n"
   ]
  },
  {
   "cell_type": "markdown",
   "id": "44391bb9",
   "metadata": {},
   "source": [
    "---\n",
    "# 8. Protein Folding with Simulated Annealing: A Tractable Example\n",
    "\n",
    "This section demonstrates the protein folding QUBO on a **small, tractable problem** where we can:\n",
    "\n",
    "1. **Enumerate all valid conformations** via brute force\n",
    "2. **Find the true global optimum**\n",
    "3. **Verify that Simulated Annealing finds it**\n",
    "\n",
    "We use:\n",
    "- **8-residue chain** on a **2×4 lattice** (8 positions)\n",
    "- **64 binary variables** (8 residues × 8 positions)\n",
    "- **Full 20-letter Miyazawa-Jernigan potential**\n",
    "\n",
    "This is small enough to enumerate all Hamiltonian paths (~thousands) but large enough to be interesting."
   ]
  },
  {
   "cell_type": "markdown",
   "id": "7e9f4580",
   "metadata": {},
   "source": [
    "## 8.1 Setup"
   ]
  },
  {
   "cell_type": "code",
   "execution_count": null,
   "id": "ed97045a",
   "metadata": {},
   "outputs": [
    {
     "name": "stdout",
     "output_type": "stream",
     "text": [
      "\u001b[2K   \u001b[90m━━━━━━━━━━━━━━━━━━━━━━━━━━━━━━━━━━━━━━━━\u001b[0m \u001b[32m8.9/8.9 MB\u001b[0m \u001b[31m53.4 MB/s\u001b[0m eta \u001b[36m0:00:00\u001b[0m\n",
      "\u001b[2K   \u001b[90m━━━━━━━━━━━━━━━━━━━━━━━━━━━━━━━━━━━━━━━━\u001b[0m \u001b[32m8.9/8.9 MB\u001b[0m \u001b[31m30.3 MB/s\u001b[0m eta \u001b[36m0:00:00\u001b[0m\n",
      "\u001b[?25h✓ Packages installed\n"
     ]
    }
   ],
   "source": [
    "!pip install dwave-neal dimod -q\n",
    "print(\"✓ Packages installed\")"
   ]
  },
  {
   "cell_type": "code",
   "execution_count": null,
   "id": "29d7d66a",
   "metadata": {},
   "outputs": [
    {
     "name": "stdout",
     "output_type": "stream",
     "text": [
      "✓ Imports successful\n"
     ]
    }
   ],
   "source": [
    "import numpy as np\n",
    "import math\n",
    "import matplotlib.pyplot as plt\n",
    "from collections import defaultdict\n",
    "from itertools import permutations\n",
    "import time\n",
    "\n",
    "from dimod import BinaryQuadraticModel\n",
    "from neal import SimulatedAnnealingSampler\n",
    "\n",
    "print(\"✓ Imports successful\")"
   ]
  },
  {
   "cell_type": "markdown",
   "id": "8b657b30",
   "metadata": {},
   "source": [
    "## 8.2 Miyazawa-Jernigan Interaction Matrix\n",
    "\n",
    "The full 20×20 statistical contact potential."
   ]
  },
  {
   "cell_type": "code",
   "execution_count": null,
   "id": "aa0a23a0",
   "metadata": {},
   "outputs": [
    {
     "name": "stdout",
     "output_type": "stream",
     "text": [
      "MJ Matrix: (20, 20)\n",
      "Energy range: [-1.54, -0.14]\n",
      "\n",
      "Strongest attractions (most negative):\n",
      "  C-C: -1.54\n",
      "  F-F: -1.10\n",
      "  I-F: -1.04\n"
     ]
    }
   ],
   "source": [
    "# One-letter amino acid codes\n",
    "AMINO_ACIDS = ['A', 'R', 'N', 'D', 'C', 'Q', 'E', 'G', 'H', 'I',\n",
    "               'L', 'K', 'M', 'F', 'P', 'S', 'T', 'W', 'Y', 'V']\n",
    "\n",
    "AA_TO_IDX = {aa: i for i, aa in enumerate(AMINO_ACIDS)}\n",
    "\n",
    "# Miyazawa-Jernigan contact energies\n",
    "# Negative values = favorable (attractive) interactions\n",
    "MJ_MATRIX = np.array([\n",
    "    [-0.20, -0.34, -0.44, -0.42, -0.62, -0.40, -0.42, -0.29, -0.51, -0.73, -0.65, -0.36, -0.64, -0.69, -0.31, -0.34, -0.40, -0.61, -0.53, -0.68],\n",
    "    [-0.34, -0.15, -0.44, -0.90, -0.55, -0.50, -0.93, -0.40, -0.33, -0.42, -0.45, -0.35, -0.34, -0.41, -0.24, -0.37, -0.32, -0.26, -0.29, -0.37],\n",
    "    [-0.44, -0.44, -0.28, -0.46, -0.58, -0.44, -0.51, -0.46, -0.54, -0.51, -0.47, -0.46, -0.41, -0.47, -0.34, -0.48, -0.50, -0.36, -0.42, -0.46],\n",
    "    [-0.42, -0.90, -0.46, -0.19, -0.52, -0.53, -0.49, -0.44, -0.49, -0.42, -0.35, -0.62, -0.33, -0.36, -0.31, -0.48, -0.44, -0.23, -0.30, -0.36],\n",
    "    [-0.62, -0.55, -0.58, -0.52, -1.54, -0.65, -0.55, -0.54, -0.73, -0.92, -0.88, -0.47, -0.92, -1.01, -0.49, -0.56, -0.61, -0.84, -0.79, -0.91],\n",
    "    [-0.40, -0.50, -0.44, -0.53, -0.65, -0.29, -0.55, -0.40, -0.49, -0.56, -0.51, -0.46, -0.47, -0.54, -0.31, -0.43, -0.41, -0.39, -0.42, -0.51],\n",
    "    [-0.42, -0.93, -0.51, -0.49, -0.55, -0.55, -0.22, -0.43, -0.42, -0.44, -0.37, -0.64, -0.35, -0.40, -0.30, -0.47, -0.43, -0.21, -0.27, -0.38],\n",
    "    [-0.29, -0.40, -0.46, -0.44, -0.54, -0.40, -0.43, -0.14, -0.46, -0.52, -0.46, -0.41, -0.47, -0.51, -0.26, -0.37, -0.39, -0.44, -0.44, -0.47],\n",
    "    [-0.51, -0.33, -0.54, -0.49, -0.73, -0.49, -0.42, -0.46, -0.34, -0.66, -0.62, -0.35, -0.64, -0.72, -0.37, -0.46, -0.47, -0.62, -0.57, -0.60],\n",
    "    [-0.73, -0.42, -0.51, -0.42, -0.92, -0.56, -0.44, -0.52, -0.66, -1.00, -0.95, -0.41, -0.96, -1.04, -0.49, -0.52, -0.59, -0.90, -0.83, -0.98],\n",
    "    [-0.65, -0.45, -0.47, -0.35, -0.88, -0.51, -0.37, -0.46, -0.62, -0.95, -0.91, -0.37, -0.93, -1.01, -0.46, -0.47, -0.53, -0.89, -0.80, -0.93],\n",
    "    [-0.36, -0.35, -0.46, -0.62, -0.47, -0.46, -0.64, -0.41, -0.35, -0.41, -0.37, -0.18, -0.32, -0.39, -0.23, -0.39, -0.36, -0.19, -0.24, -0.35],\n",
    "    [-0.64, -0.34, -0.41, -0.33, -0.92, -0.47, -0.35, -0.47, -0.64, -0.96, -0.93, -0.32, -0.89, -0.98, -0.45, -0.47, -0.52, -0.86, -0.78, -0.92],\n",
    "    [-0.69, -0.41, -0.47, -0.36, -1.01, -0.54, -0.40, -0.51, -0.72, -1.04, -1.01, -0.39, -0.98, -1.10, -0.50, -0.51, -0.57, -0.98, -0.89, -1.02],\n",
    "    [-0.31, -0.24, -0.34, -0.31, -0.49, -0.31, -0.30, -0.26, -0.37, -0.49, -0.46, -0.23, -0.45, -0.50, -0.16, -0.30, -0.32, -0.42, -0.38, -0.45],\n",
    "    [-0.34, -0.37, -0.48, -0.48, -0.56, -0.43, -0.47, -0.37, -0.46, -0.52, -0.47, -0.39, -0.47, -0.51, -0.30, -0.33, -0.41, -0.41, -0.41, -0.48],\n",
    "    [-0.40, -0.32, -0.50, -0.44, -0.61, -0.41, -0.43, -0.39, -0.47, -0.59, -0.53, -0.36, -0.52, -0.57, -0.32, -0.41, -0.38, -0.45, -0.45, -0.55],\n",
    "    [-0.61, -0.26, -0.36, -0.23, -0.84, -0.39, -0.21, -0.44, -0.62, -0.90, -0.89, -0.19, -0.86, -0.98, -0.42, -0.41, -0.45, -0.86, -0.76, -0.84],\n",
    "    [-0.53, -0.29, -0.42, -0.30, -0.79, -0.42, -0.27, -0.44, -0.57, -0.83, -0.80, -0.24, -0.78, -0.89, -0.38, -0.41, -0.45, -0.76, -0.69, -0.78],\n",
    "    [-0.68, -0.37, -0.46, -0.36, -0.91, -0.51, -0.38, -0.47, -0.60, -0.98, -0.93, -0.35, -0.92, -1.02, -0.45, -0.48, -0.55, -0.84, -0.78, -0.96],\n",
    "])\n",
    "\n",
    "print(f\"MJ Matrix: {MJ_MATRIX.shape}\")\n",
    "print(f\"Energy range: [{MJ_MATRIX.min():.2f}, {MJ_MATRIX.max():.2f}]\")\n",
    "print(f\"\\nStrongest attractions (most negative):\")\n",
    "print(f\"  C-C: {MJ_MATRIX[AA_TO_IDX['C'], AA_TO_IDX['C']]:.2f}\")\n",
    "print(f\"  F-F: {MJ_MATRIX[AA_TO_IDX['F'], AA_TO_IDX['F']]:.2f}\")\n",
    "print(f\"  I-F: {MJ_MATRIX[AA_TO_IDX['I'], AA_TO_IDX['F']]:.2f}\")"
   ]
  },
  {
   "cell_type": "markdown",
   "id": "50ef4462",
   "metadata": {},
   "source": [
    "## 8.3 The 2×4 Lattice\n",
    "\n",
    "A small 2D lattice with 8 positions:\n",
    "```\n",
    "0 - 1 - 2 - 3\n",
    "|   |   |   |\n",
    "4 - 5 - 6 - 7\n",
    "```"
   ]
  },
  {
   "cell_type": "code",
   "execution_count": null,
   "id": "1b6976bb",
   "metadata": {},
   "outputs": [
    {
     "name": "stdout",
     "output_type": "stream",
     "text": [
      "Lattice: 2×4 = 8 positions\n",
      "\n",
      "Adjacency matrix:\n",
      "[[0 1 0 0 1 0 0 0]\n",
      " [1 0 1 0 0 1 0 0]\n",
      " [0 1 0 1 0 0 1 0]\n",
      " [0 0 1 0 0 0 0 1]\n",
      " [1 0 0 0 0 1 0 0]\n",
      " [0 1 0 0 1 0 1 0]\n",
      " [0 0 1 0 0 1 0 1]\n",
      " [0 0 0 1 0 0 1 0]]\n",
      "\n",
      "Lattice layout:\n",
      "  0 - 1 - 2 - 3\n",
      "  |   |   |   |\n",
      "  4 - 5 - 6 - 7\n"
     ]
    }
   ],
   "source": [
    "def build_2d_lattice(rows, cols):\n",
    "    \"\"\"Build adjacency matrix for 2D rectangular lattice.\"\"\"\n",
    "    n = rows * cols\n",
    "    adj = np.zeros((n, n), dtype=int)\n",
    "\n",
    "    for i in range(n):\n",
    "        r, c = i // cols, i % cols\n",
    "        # Right neighbor\n",
    "        if c < cols - 1:\n",
    "            adj[i, i+1] = adj[i+1, i] = 1\n",
    "        # Down neighbor\n",
    "        if r < rows - 1:\n",
    "            adj[i, i+cols] = adj[i+cols, i] = 1\n",
    "\n",
    "    return adj\n",
    "\n",
    "# 2x4 lattice\n",
    "ROWS, COLS = 2, 4\n",
    "NUM_POSITIONS = ROWS * COLS\n",
    "adj_matrix = build_2d_lattice(ROWS, COLS)\n",
    "\n",
    "print(f\"Lattice: {ROWS}×{COLS} = {NUM_POSITIONS} positions\")\n",
    "print(f\"\\nAdjacency matrix:\")\n",
    "print(adj_matrix)\n",
    "\n",
    "# Visualize\n",
    "print(f\"\\nLattice layout:\")\n",
    "for r in range(ROWS):\n",
    "    row_str = \" - \".join([str(r*COLS + c) for c in range(COLS)])\n",
    "    print(f\"  {row_str}\")\n",
    "    if r < ROWS - 1:\n",
    "        print(\"  \" + \"   \".join([\"|\"] * COLS))"
   ]
  },
  {
   "cell_type": "markdown",
   "id": "2e6fc226",
   "metadata": {},
   "source": [
    "## 8.4 Test Sequence\n",
    "\n",
    "We'll use an 8-residue sequence with a mix of amino acid types to create interesting interactions."
   ]
  },
  {
   "cell_type": "code",
   "execution_count": null,
   "id": "27570680",
   "metadata": {},
   "outputs": [
    {
     "name": "stdout",
     "output_type": "stream",
     "text": [
      "Sequence: CFIKDLWV\n",
      "Length: 8\n",
      "\n",
      "Residue types:\n",
      "  0: C (index 4)\n",
      "  1: F (index 13)\n",
      "  2: I (index 9)\n",
      "  3: K (index 11)\n",
      "  4: D (index 3)\n",
      "  5: L (index 10)\n",
      "  6: W (index 17)\n",
      "  7: V (index 19)\n",
      "\n",
      "Potential non-consecutive contacts (|i-j| > 1):\n",
      "  C(0) - I(2): -0.92\n",
      "  C(0) - K(3): -0.47\n",
      "  C(0) - D(4): -0.52\n",
      "  C(0) - L(5): -0.88\n",
      "  C(0) - W(6): -0.84\n",
      "  C(0) - V(7): -0.91\n",
      "  F(1) - K(3): -0.39\n",
      "  F(1) - D(4): -0.36\n",
      "  F(1) - L(5): -1.01\n",
      "  F(1) - W(6): -0.98\n",
      "  F(1) - V(7): -1.02\n",
      "  I(2) - D(4): -0.42\n",
      "  I(2) - L(5): -0.95\n",
      "  I(2) - W(6): -0.90\n",
      "  I(2) - V(7): -0.98\n",
      "  K(3) - L(5): -0.37\n",
      "  K(3) - W(6): -0.19\n",
      "  K(3) - V(7): -0.35\n",
      "  D(4) - W(6): -0.23\n",
      "  D(4) - V(7): -0.36\n",
      "  L(5) - V(7): -0.93\n"
     ]
    }
   ],
   "source": [
    "# Design a sequence with strong potential contacts\n",
    "# Put hydrophobic residues (C, F, I, L, V, W, Y, M) that attract each other\n",
    "# and some polar/charged (K, D, R, E) that may repel\n",
    "\n",
    "SEQUENCE = \"CFIKDLWV\"  # 8 residues\n",
    "\n",
    "print(f\"Sequence: {SEQUENCE}\")\n",
    "print(f\"Length: {len(SEQUENCE)}\")\n",
    "print(f\"\\nResidue types:\")\n",
    "for i, aa in enumerate(SEQUENCE):\n",
    "    idx = AA_TO_IDX[aa]\n",
    "    print(f\"  {i}: {aa} (index {idx})\")\n",
    "\n",
    "print(f\"\\nPotential non-consecutive contacts (|i-j| > 1):\")\n",
    "for i in range(len(SEQUENCE)):\n",
    "    for j in range(i+2, len(SEQUENCE)):\n",
    "        e = MJ_MATRIX[AA_TO_IDX[SEQUENCE[i]], AA_TO_IDX[SEQUENCE[j]]]\n",
    "        print(f\"  {SEQUENCE[i]}({i}) - {SEQUENCE[j]}({j}): {e:.2f}\")"
   ]
  },
  {
   "cell_type": "markdown",
   "id": "a2af9c2f",
   "metadata": {},
   "source": [
    "## 8.5 Brute Force: Enumerate All Valid Conformations\n",
    "\n",
    "A valid conformation is a **Hamiltonian path** on the lattice - visiting all 8 positions exactly once with consecutive residues at adjacent positions.\n",
    "\n",
    "We enumerate all such paths and compute the MJ energy for each."
   ]
  },
  {
   "cell_type": "code",
   "execution_count": null,
   "id": "58e5d993",
   "metadata": {},
   "outputs": [
    {
     "name": "stdout",
     "output_type": "stream",
     "text": [
      "Finding all Hamiltonian paths...\n",
      "Found 28 valid conformations in 0.00s\n",
      "\n",
      "Computing energies...\n",
      "\n",
      "Energy distribution:\n",
      "  Min: 1.7100\n",
      "  Max: 2.8400\n",
      "  Mean: 2.0157\n",
      "  Std: 0.3721\n"
     ]
    }
   ],
   "source": [
    "def find_all_hamiltonian_paths(adj, n):\n",
    "    \"\"\"\n",
    "    Find all Hamiltonian paths in a graph.\n",
    "    Returns list of paths, where each path is a list of node indices.\n",
    "    \"\"\"\n",
    "    paths = []\n",
    "\n",
    "    def dfs(current, visited, path):\n",
    "        if len(path) == n:\n",
    "            paths.append(path.copy())\n",
    "            return\n",
    "\n",
    "        for next_node in range(n):\n",
    "            if next_node not in visited and adj[current, next_node] == 1:\n",
    "                visited.add(next_node)\n",
    "                path.append(next_node)\n",
    "                dfs(next_node, visited, path)\n",
    "                path.pop()\n",
    "                visited.remove(next_node)\n",
    "\n",
    "    # Try starting from each node\n",
    "    for start in range(n):\n",
    "        dfs(start, {start}, [start])\n",
    "\n",
    "    return paths\n",
    "\n",
    "\n",
    "def compute_mj_energy(path, sequence, adj):\n",
    "    \"\"\"\n",
    "    Compute MJ energy for a given path (conformation).\n",
    "\n",
    "    E_MJ = -sum_{|i-j|>1} C(ai,aj) * delta(path[i] adjacent to path[j])\n",
    "    \"\"\"\n",
    "    n = len(sequence)\n",
    "    energy = 0.0\n",
    "\n",
    "    for i in range(n):\n",
    "        for j in range(i + 2, n):  # Non-consecutive residues\n",
    "            pos_i, pos_j = path[i], path[j]\n",
    "            if adj[pos_i, pos_j] == 1:  # Adjacent on lattice\n",
    "                C_ij = MJ_MATRIX[AA_TO_IDX[sequence[i]], AA_TO_IDX[sequence[j]]]\n",
    "                energy += -C_ij  # Paper uses E = -sum C * contact\n",
    "\n",
    "    return energy\n",
    "\n",
    "\n",
    "# Find all Hamiltonian paths\n",
    "print(\"Finding all Hamiltonian paths...\")\n",
    "start_time = time.time()\n",
    "all_paths = find_all_hamiltonian_paths(adj_matrix, NUM_POSITIONS)\n",
    "enum_time = time.time() - start_time\n",
    "\n",
    "print(f\"Found {len(all_paths)} valid conformations in {enum_time:.2f}s\")\n",
    "\n",
    "# Compute energy for each\n",
    "print(\"\\nComputing energies...\")\n",
    "path_energies = []\n",
    "for path in all_paths:\n",
    "    e = compute_mj_energy(path, SEQUENCE, adj_matrix)\n",
    "    path_energies.append((e, path))\n",
    "\n",
    "# Sort by energy\n",
    "path_energies.sort(key=lambda x: x[0])\n",
    "\n",
    "print(f\"\\nEnergy distribution:\")\n",
    "energies = [e for e, p in path_energies]\n",
    "print(f\"  Min: {min(energies):.4f}\")\n",
    "print(f\"  Max: {max(energies):.4f}\")\n",
    "print(f\"  Mean: {np.mean(energies):.4f}\")\n",
    "print(f\"  Std: {np.std(energies):.4f}\")"
   ]
  },
  {
   "cell_type": "code",
   "execution_count": null,
   "id": "06a2a1e1",
   "metadata": {},
   "outputs": [
    {
     "name": "stdout",
     "output_type": "stream",
     "text": [
      "============================================================\n",
      "TOP 10 CONFORMATIONS (Ground Truth)\n",
      "============================================================\n",
      "\n",
      "*** OPTIMAL ENERGY: 1.7100 ***\n",
      "\n",
      "Rank 1: E = 1.7100\n",
      "  Path: [1, 0, 4, 5, 6, 2, 3, 7]\n",
      "    F C L W\n",
      "    I K D V\n",
      "\n",
      "Rank 2: E = 1.7100\n",
      "  Path: [2, 3, 7, 6, 5, 1, 0, 4]\n",
      "    W L C F\n",
      "    V D K I\n",
      "\n",
      "Rank 3: E = 1.7100\n",
      "  Path: [5, 4, 0, 1, 2, 6, 7, 3]\n",
      "    I K D V\n",
      "    F C L W\n",
      "\n",
      "Rank 4: E = 1.7100\n",
      "  Path: [6, 7, 3, 2, 1, 5, 4, 0]\n",
      "    V D K I\n",
      "    W L C F\n",
      "\n",
      "Rank 5: E = 1.7400\n",
      "  Path: [1, 0, 4, 5, 6, 7, 3, 2]\n",
      "    F C V W\n",
      "    I K D L\n",
      "\n",
      "Rank 6: E = 1.7400\n",
      "  Path: [2, 3, 7, 6, 5, 4, 0, 1]\n",
      "    W V C F\n",
      "    L D K I\n",
      "\n",
      "Rank 7: E = 1.7400\n",
      "  Path: [5, 4, 0, 1, 2, 3, 7, 6]\n",
      "    I K D L\n",
      "    F C V W\n",
      "\n",
      "Rank 8: E = 1.7400\n",
      "  Path: [6, 7, 3, 2, 1, 0, 4, 5]\n",
      "    L D K I\n",
      "    W V C F\n",
      "\n",
      "Rank 9: E = 1.7800\n",
      "  Path: [0, 4, 5, 1, 2, 6, 7, 3]\n",
      "    C K D V\n",
      "    F I L W\n",
      "\n",
      "Rank 10: E = 1.7800\n",
      "  Path: [3, 7, 6, 2, 1, 5, 4, 0]\n",
      "    V D K C\n",
      "    W L I F\n",
      "\n"
     ]
    }
   ],
   "source": [
    "# Show the best conformations\n",
    "print(\"=\"*60)\n",
    "print(\"TOP 10 CONFORMATIONS (Ground Truth)\")\n",
    "print(\"=\"*60)\n",
    "\n",
    "def visualize_path(path, sequence, rows, cols):\n",
    "    \"\"\"Create a visual representation of a path on the lattice.\"\"\"\n",
    "    grid = [['.' for _ in range(cols)] for _ in range(rows)]\n",
    "    for i, pos in enumerate(path):\n",
    "        r, c = pos // cols, pos % cols\n",
    "        grid[r][c] = sequence[i]\n",
    "    return grid\n",
    "\n",
    "OPTIMAL_ENERGY = path_energies[0][0]\n",
    "OPTIMAL_PATH = path_energies[0][1]\n",
    "\n",
    "print(f\"\\n*** OPTIMAL ENERGY: {OPTIMAL_ENERGY:.4f} ***\\n\")\n",
    "\n",
    "for rank, (energy, path) in enumerate(path_energies[:10]):\n",
    "    print(f\"Rank {rank+1}: E = {energy:.4f}\")\n",
    "    print(f\"  Path: {path}\")\n",
    "    grid = visualize_path(path, SEQUENCE, ROWS, COLS)\n",
    "    for row in grid:\n",
    "        print(f\"    {' '.join(row)}\")\n",
    "    print()"
   ]
  },
  {
   "cell_type": "code",
   "execution_count": null,
   "id": "113c8f8e",
   "metadata": {},
   "outputs": [
    {
     "data": {
